00 0C 21 04 62
20 0E D0 02 62
20 05 0D 02 62
28 0C 03 02 62
39 04 07 02 02       # big coin pile
3A 09 05 05 62
50 08 02 05 62
50 0C 06 04 62
66 03 06 08 62
69 03 03 02 00

loc 00
01 A7 51
01 A5 52
loc 10
01 0B 51
01 1A 41
01 29 31
01 38 21
01 65 52
01 AA 23
01 AB 23
loc 20
05 AC 21
06 0C 02
06 7D 12
01 42 42
01 54 25
01 39 32
01 E9 32
loc 30
05 1E 34
05 E9 24
loc 40
0A BA 12
loc 50
06 18 24
01 07 11
08 7D 20 49 59 49
02 35 32
01 C7 32
0A BA 32
loc 60
02 6B 31
01 C7 84
06 83 42
01 91 42
loc 70
0A 2A 42
0A 47 22
01 44 42
02 AB 33
02 BC 23
loc 80
02 00 E3
